PDEW 2011  3 11  5 46 24.68  38.3200  142.3510  32.0 7.2 9.0 TOHOKU                                  
event name:     201103110546A        
time shift:     69.7600
half duration:  70.0000
latitude:       37.5200
longitude:     143.0500
depth:          20.0000
Mrr:       1.730000e+29
Mtt:      -2.810000e+28
Mpp:      -1.450000e+29
Mrt:       2.120000e+29
Mrp:       4.550000e+29
Mtp:      -6.570000e+28

